$ANSIBLE_VAULT;1.1;AES256
33343561363464353563323636376365666237663562303466616263633236333465333730623039
6238623939623038353165363535313632343366616131630a666562346165663961343936613739
38633165386533633966653166366635643239666136623762663034623337333566333934346436
6136626630313636640a363662303934356165623534323134636665343366646436373566373236
34383837643261373031643564303635376536383336663638613133376361653930656632306266
64306365373837623966623730633530663537646639623430623661313166653565613531306631
64343338393131316465346339646539613031373537333839333331616530393361633561333062
65393835653336623037353266643237393964376636323539323463373838643665373366363639
63616262373364613134643761373538376437343439303937636637373337313765663561363533
36316231623161366465646465343865396135383538353839376131393663613264313139663736
39333763373266613066653532393934313232623735636231613830333731393335616638666530
61363965616632343733363830663138353331636662306363636331306135353531346563323133
64346561396266666335393138363930316236373364316439316137356137653563376130326536
64333039633532363035653238343139663566303864656265383731383131373365336130636364
35373336336465643531633330343939323561653962363566656331623031663836313238303039
65633538623235656266
