$ANSIBLE_VAULT;1.1;AES256
33306661323963346538303565616561666566646633323062363630303139313837323434613733
6361643765626236623637313837343462643437326133320a326635346430626334613939393737
35316634653730336231326538656433383036316635303165623562613262343032326233386166
3738313661653837370a623063343361376633386666336537663234316163663636363130343633
66323135313466343964323936326364616136633662303864366334353634356139356337323766
64393863356630633363616630343163656638363733396663646439376532363934383730633931
34303866326262333738303666653334643763626463303866636665316564393236373032383738
63383161373031376531343365626336316638623934326431396138366532393862623263616362
65363038643931323664323261613436366631346662646432366330663234636230643932373431
31346466353766616566333937633935306534616331333665393235643538313964313830353435
35316236353839386662343237326431363235643339383737333132393632636166356330666365
39623763333038643162636135346335386165346634333635396336663863376139663639306533
34396534316264323362626662616462386562646631383630656637613461333337303332316266
61616464383038636662613638613034633064343432376331333635633933336363653030303233
37653135333235636463386639633961666339633832353165313338663563316565663636653565
30663538306366633437313236663837663231613564663630643462383566613336656536373465
34373363646265336534643430373762633334626234343039376439353232326231343831666666
35613331613535653535633964353165346337643237666431353766633232666433653538353632
33373639646638333966316536346631303062303031653534353264643133663837306232616665
34323235636537663637623366356435393637613438336566386634393737383862393438363034
62653339303831346462636630343634653962346531333662633334306166643137623464636332
62333162346332653766336332366434373864383863633231663932343763353965386535373164
64303030393938636533656635656131396336323830313532323339376433336634613864376238
30646337313632323937313930393530373166366561643166353339623832326665353538313034
30343466613036373335313233393435666364666236316261313863326631356439
